4.110782355737077273e-03
4.943574138891394971e-03
5.853126229717507331e-03
6.839438628215417822e-03
7.902511334385124708e-03
9.042344348226628858e-03
1.025902021222872655e-02
1.155237889010546186e-02
1.292249787565399703e-02
1.436937716887432860e-02
1.589301676976645483e-02
1.749341667833037919e-02
1.917057689456609648e-02
2.092449741847361017e-02
2.275517825005292372e-02
2.466261938930403019e-02
2.664682083622694000e-02
2.870778259082164968e-02
3.084550465308814535e-02
3.305998702302644782e-02
3.535122970063653280e-02
3.771923268591843154e-02
4.016415930075919322e-02
4.268568795007632311e-02
4.528397690706524592e-02
4.795902617172596860e-02
5.071083574405846339e-02
5.353940562406277887e-02
5.644473581173886645e-02
5.942682630708677471e-02
6.248567711010648285e-02
6.562128822079799084e-02
6.883365963916125707e-02
7.212279136519635092e-02
7.548868339890324464e-02
7.893133574028193822e-02
8.245098239323452038e-02
8.604716039864844512e-02
8.972009871173412809e-02
9.346979733249165256e-02
9.729625626092096302e-02
1.011994754970220733e-01
1.051794550407949419e-01
1.092361948922396520e-01
1.133696950513561202e-01
1.175799555181444578e-01
1.218669762926045119e-01
1.262307573747364076e-01
1.306712987645400892e-01
1.351886004620155846e-01
1.397829671530799178e-01
1.444537945145906443e-01
1.492013821837732124e-01
1.540257301606274831e-01
1.589268384451535399e-01
1.639047070373514103e-01
1.689600058943511451e-01
1.740900450915776332e-01
1.793002549650972999e-01
1.845837844828610019e-01
1.899440339240764386e-01
1.953846054956930589e-01
2.008983452574455986e-01
2.064925081300735266e-01
2.121597382123633913e-01
2.179036882181049906e-01
2.237282127888297334e-01
2.296256531151085467e-01
2.356037689868445695e-01
2.416546996336606246e-01
2.477823502039285530e-01
2.539908277737614184e-01
2.602719686645664776e-01
2.666340375354105396e-01
2.730686687467528961e-01
2.795843289186082936e-01
2.861724504504880029e-01
2.928372919058192525e-01
2.995833137757714648e-01
3.064016455516400672e-01
3.133012587226036705e-01
3.202730808190094591e-01
3.273216228388670102e-01
3.344515977079273172e-01
3.416536300483221100e-01
3.489371962183937526e-01
3.562927188793258981e-01
3.637249614637096395e-01
3.712388893318780969e-01
3.788246222367990801e-01
3.864921414059788729e-01
3.942313646314370978e-01
4.020473077803471962e-01
4.099451886476238038e-01
4.179146221170709774e-01
4.259660942853589205e-01
4.340890180753433358e-01
4.422886617887795135e-01
4.505704956551643825e-01
4.589236296891378020e-01
4.673590548565338398e-01
4.758656792110446676e-01
4.844546956794520409e-01
4.931148103544999439e-01
5.018516449529996093e-01
5.106710231195038530e-01
5.195613480385408156e-01
5.285343175060560617e-01
5.375781327456303771e-01
5.466986679086563994e-01
5.559019990742685158e-01
5.651760245578316688e-01
5.745329470244554537e-01
5.839604628285557375e-01
5.934646985561078392e-01
6.030519827208282724e-01
6.127097087689177268e-01
6.224505842346494955e-01
6.322618006032758586e-01
6.421497368953543727e-01
6.521209740591831228e-01
6.621624006717986566e-01
6.722872291366382980e-01
6.824821460697912956e-01
6.927537829263957780e-01
7.031089730893326228e-01
7.135341002664742360e-01
7.240428817304224163e-01
7.346214992281016043e-01
7.452768366492319441e-01
7.560159798112769947e-01
7.668248075529451313e-01
7.777175420160012953e-01
7.886798600782064517e-01
7.997261858422740621e-01
8.108419942250163492e-01
8.220345225312106763e-01
8.333112099933748240e-01
8.446572286201063928e-01
8.560875073832822091e-01
8.675870163305509086e-01
8.791632452012710930e-01
8.908238856625436686e-01
9.025536048538010947e-01
9.143678366160850057e-01
9.262510461278796736e-01
9.382109755631267145e-01
9.502555690235072738e-01
9.623689887792911124e-01
9.745671735406832292e-01
9.868340836170040875e-01
9.991777136167770967e-01
1.011606260076265862e+00
1.024103380396575336e+00
1.036685518157075769e+00
1.049336128797923262e+00
1.062063459362222240e+00
1.074875958820818989e+00
1.087756779705655319e+00
1.100722870465263847e+00
1.113757181670636864e+00
1.126876863731256728e+00
1.140064665257167542e+00
1.153329186706530063e+00
1.166679230465245798e+00
1.180097242235146116e+00
1.193600877294873630e+00
1.207172379385311078e+00
1.220820601399199345e+00
1.234554598157023841e+00
1.248356310491450127e+00
1.262243898550285959e+00
1.276199101205249153e+00
1.290231023783664055e+00
1.304348973540596646e+00
1.318534386439548678e+00
1.332805927497492604e+00
1.347144830716982433e+00
1.361560453859923081e+00
1.376062356615963767e+00
1.390631470079442211e+00
1.405286964136494676e+00
1.420009567920510252e+00
1.434808891627977090e+00
1.449694747383126536e+00
1.464647561411130949e+00
1.479687008467291731e+00
1.494793312815833053e+00
1.509976337087826526e+00
1.525246145842083401e+00
1.540582660434614892e+00
1.556006060489883103e+00
1.571496065402950615e+00
1.587073056759230605e+00
1.602716551992835914e+00
1.618436767149892930e+00
1.634244120204269457e+00
1.650117825681863604e+00
1.666078770037251910e+00
1.682105965835382744e+00
1.698209881556966616e+00
1.714401187610450572e+00
1.730658593652571131e+00
1.747003491007067533e+00
1.763414387369724556e+00
1.779902003655834619e+00
1.796477262708428002e+00
1.813118369315074530e+00
1.829847219668677916e+00
1.846641816595862462e+00
1.863513133446498271e+00
1.880472345498198861e+00
1.897497152669371800e+00
1.914609956022083281e+00
1.931788253513794240e+00
1.949043270928956018e+00
1.966386435979764924e+00
1.983794943715464054e+00
2.001291700067284740e+00
2.018853698123520779e+00
2.036492416103208747e+00
2.054219534153126414e+00
2.072011742453351957e+00
2.089892451804280071e+00
2.107838150425042745e+00
2.125872451076982195e+00
2.143971640018282443e+00
2.162147548883033732e+00
2.180412211233070163e+00
2.198741610418359027e+00
2.217159864069407682e+00
2.235642753575232788e+00
2.254202363004510712e+00
2.272850978353655904e+00
2.291564078103471847e+00
2.310366284753627042e+00
2.329232874823979227e+00
2.348176184817783785e+00
2.367208753166035962e+00
2.386305553480378094e+00
2.405491713129641163e+00
2.424742003764520426e+00
2.444069014322850730e+00
2.463485535670210780e+00
2.482966036549079103e+00
2.502536149197451820e+00
2.522170140396855942e+00
2.541880851519711548e+00
2.561681325866182135e+00
2.581545527309575760e+00
2.601499592957055906e+00
2.621517284720987107e+00
2.641624941669477700e+00
2.661796123753946919e+00
2.682044025761866735e+00
2.702382044408455197e+00
2.722783436736912144e+00
2.743275046684512830e+00
2.763829929333506463e+00
2.784461531905952469e+00
2.805183503551649693e+00
2.825968596444633274e+00
2.846844159391340945e+00
2.867782742604860768e+00
2.888798045741834741e+00
2.909903970386638505e+00
2.931072763844148277e+00
2.952332279789964264e+00
2.973654563568010278e+00
2.995053567269510442e+00
3.016543444913422523e+00
3.038095938935458484e+00
3.059739407880383233e+00
3.081445392222956325e+00
3.103228096488980903e+00
3.125101927132002633e+00
3.147038121718564785e+00
3.169065543662596074e+00
3.191155228569695357e+00
3.213321633400247457e+00
3.235579417042376171e+00
3.257899312193464514e+00
3.280310687136604120e+00
3.302784072608229593e+00
3.325349038852382311e+00
3.347975914644544915e+00
3.370679510360158559e+00
3.393474838302408703e+00
3.416331924338558590e+00
3.439280843581819624e+00
3.462291419938509307e+00
3.485378716218650030e+00
3.508557997160006714e+00
3.531798783760683680e+00
3.555131656003051699e+00
3.578525932924267572e+00
3.601996929768934486e+00
3.625560163709399042e+00
3.649184650874602642e+00
3.672901476116080310e+00
3.696679453601821042e+00
3.720534151011014146e+00
3.744481337950587907e+00
3.768489525680318142e+00
3.792590303920901462e+00
3.816751981971170604e+00
3.840990379944889899e+00
3.865321519883570200e+00
3.889713408177826626e+00
3.914198139417518263e+00
3.938743518032314039e+00
3.963381840573016568e+00
3.988080709508347699e+00
4.012856298367130314e+00
4.037724982605932489e+00
4.062654061785251791e+00
4.087676337325063969e+00
4.112758906824922178e+00
4.137918196248230096e+00
4.163170833486138811e+00
4.188483613229985636e+00
4.213889841768906130e+00
4.239356111833288310e+00
4.264899101821124638e+00
4.290535692058139006e+00
4.316232172366514241e+00
4.342022353904542165e+00
4.367872324533450978e+00
4.393799015085812165e+00
4.419819558321938402e+00
4.445899739194836719e+00
4.472073873731974736e+00
4.498307544925409296e+00
4.524617936042296229e+00
4.551022432277529006e+00
4.577486313714954846e+00
4.604044401251199403e+00
4.630661773009162374e+00
4.657373451846416046e+00
4.684144313924916148e+00
4.710991895926868622e+00
4.737933936462220608e+00
4.764935008784708437e+00
4.792030640621073978e+00
4.819185203264098938e+00
4.846416485830575382e+00
4.873742479365037461e+00
4.901127252252051036e+00
4.928606837087523118e+00
4.956145100295073824e+00
4.983760083426078680e+00
5.011470029959647299e+00
5.039238503411189285e+00
5.067102041245768795e+00
5.095024005017846136e+00
5.123022688713376738e+00
5.151116588246053674e+00
5.179268762262119630e+00
5.207516253095810121e+00
5.235821917432413208e+00
5.264204301692470445e+00
5.292682154224253033e+00
5.321218028804849176e+00
5.349849472637643544e+00
5.378538837538775041e+00
5.407304922363356248e+00
5.436166727894251594e+00
5.465086303039369930e+00
5.494101699871276168e+00
5.523174765336929859e+00
5.552343753469847876e+00
5.581570309256040474e+00
5.610873584965687222e+00
5.640272934796700000e+00
5.669729700826882102e+00
5.699282641958905771e+00
5.728892898309626780e+00
5.758579874583799274e+00
5.788363177413920369e+00
5.818203644008628217e+00
5.848140538139760203e+00
5.878134495055006070e+00
5.908205171893705199e+00
5.938372427722935498e+00
5.968596594882168205e+00
5.998917442012410284e+00
6.029295099492181897e+00
6.059749476895409437e+00
6.090300685723744500e+00
6.120908553447506506e+00
6.151613353576855125e+00
6.182374711621152485e+00
6.213212789588903995e+00
6.244147951416349152e+00
6.275139519704636015e+00
6.306228272833094728e+00
6.337373331441916058e+00
6.368615675871386550e+00
6.399914224800749452e+00
6.431289493653562062e+00
6.462762199781127315e+00
6.494290958954479720e+00
6.525917256383053200e+00
6.557599505876944512e+00
6.589358475294283757e+00
6.621215134420956439e+00
6.653127594158832814e+00
6.685137844586516387e+00
6.717203794644932557e+00
6.749346464626797548e+00
6.781587076752581211e+00
6.813883237054983333e+00
6.846277440481773446e+00
6.878727091104718028e+00
6.911253461651108765e+00
6.943878026776000745e+00
6.976557887642929501e+00
7.009336044068831484e+00
7.042169395256295594e+00
7.075079466367212966e+00
7.108087984491212374e+00
7.141151545922666877e+00
7.174313655347678065e+00
7.207530707099670586e+00
7.240824478775116368e+00
7.274216949898219653e+00
7.307664211894202566e+00
7.341210274318319406e+00
7.374811026634842115e+00
7.408510680359968070e+00
7.442264922997023469e+00
7.476095885557530352e+00
7.510025900980757285e+00
7.544010353861804852e+00
7.578093960586040900e+00
7.612231903787624709e+00
7.646446566912658227e+00
7.680760535334989036e+00
7.715128688780564126e+00
7.749596248503908491e+00
7.784117892270018935e+00
7.818716255959578199e+00
7.853414177381017325e+00
7.888166031391116384e+00
7.923017544113570843e+00
7.957922888444205256e+00
7.992904952698291154e+00
8.027986827118843038e+00
8.063122381693466068e+00
8.098357847415027067e+00
8.133646892310187226e+00
8.169012657128801536e+00
8.204478484548458184e+00
8.239997739687609624e+00
8.275617158408278939e+00
8.311289903867965734e+00
8.347062913889647717e+00
8.382889149669871642e+00
8.418792105373547940e+00
8.454795477093325573e+00
8.490851923117542555e+00
8.527008886138327526e+00
8.563218822483076309e+00
8.599505478751281018e+00
8.635892803470166967e+00
8.672332950058910583e+00
8.708873866078803871e+00
8.745467502988081065e+00
8.782137859820810633e+00
8.818909137538803122e+00
8.855732984692071597e+00
8.892657853711078531e+00
8.929635191184875254e+00
8.966689248582135008e+00
9.003844479299234038e+00
9.041052027017027370e+00
9.078360849035142621e+00
9.115721887073471308e+00
9.153159645035254144e+00
9.190698828751463267e+00
9.228290077033781458e+00
9.265982852051003249e+00
9.303727590653858570e+00
9.341549049180164488e+00
9.379472185895481928e+00
9.417447134742326753e+00
9.455523862758656861e+00
9.493652301926038817e+00
9.531882621243381593e+00
9.570164550731298903e+00
9.608523200142675691e+00
9.646983881158108787e+00
9.685496020890015600e+00
9.724110293206466693e+00
9.762775923258912414e+00
9.801518273234810508e+00
9.840362907249351920e+00
9.879258747545785369e+00
9.918256972861344778e+00
9.957306303478315357e+00
9.996432354018743638e+00
1.003566094103239692e+01
1.007494048189335700e+01
1.011432266020801762e+01
1.015375569138951839e+01
1.019326544249446975e+01
1.023287798250723313e+01
1.027254122393271807e+01
1.031230735524648878e+01
1.035212408699251085e+01
1.039201753866198885e+01
1.043201403167386054e+01
1.047206097366387390e+01
1.051221105797675648e+01
1.055241149028730696e+01
1.059271516590119511e+01
1.063306908853228805e+01
1.067349973108682271e+01
1.071403376839881716e+01
1.075461790127389605e+01
1.079530552988688896e+01
1.083604315308250499e+01
1.087685749620156983e+01
1.091777548651266905e+01
1.095874331995227458e+01
1.099981490156438291e+01
1.104093622532452201e+01
1.108213426900811527e+01
1.112343621231831747e+01
1.116478774632245141e+01
1.120624328093366451e+01
1.124774830525833558e+01
1.128933004950644836e+01
1.133101594581576244e+01
1.137275118038441946e+01
1.141459066799474442e+01
1.145647939288393857e+01
1.149844483769658154e+01
1.154051468700499861e+01
1.158263362213818581e+01
1.162485706274761554e+01
1.166712948820133811e+01
1.170947863357850594e+01
1.175193243588604020e+01
1.179443507158374338e+01
1.183704246519228498e+01
1.187969859121053062e+01
1.192245957612008311e+01
1.196526919245886766e+01
1.200815552872110281e+01
1.205114687532874562e+01
1.209418670191152145e+01
1.213733163982017871e+01
1.218052495672348989e+01
1.222379499355025523e+01
1.226717029315700813e+01
1.231059382030430349e+01
1.235412271121207262e+01
1.239769972867990866e+01
1.244135346607119708e+01
1.248511271867706185e+01
1.252891994638888740e+01
1.257283279029575773e+01
1.261679350832812041e+01
1.266083094628393901e+01
1.270497415188890855e+01
1.274916508016526251e+01
1.279346187707124471e+01
1.283780629566813047e+01
1.288222743418847038e+01
1.292675459279255179e+01
1.297132922163343061e+01
1.301600997153852290e+01
1.306073809069993885e+01
1.310557243190603494e+01
1.315045404138798801e+01
1.319541237079339524e+01
1.324047707369759230e+01
1.328558889342353488e+01
1.333080718762874284e+01
1.337607249767522255e+01
1.342141452764515286e+01
1.346686318354846179e+01
1.351235870383892923e+01
1.355796095104324905e+01
1.360360996165425362e+01
1.364933569218871057e+01
1.369516830109112071e+01
1.374104752194611478e+01
1.378703372214954292e+01
1.383306643332507413e+01
1.387917586442406126e+01
1.392539242632557972e+01
1.397165534774509865e+01
1.401802550094763511e+01
1.406444191268769295e+01
1.411093504435120316e+01
1.415753555925183527e+01
1.420418218123587550e+01
1.425093628743752028e+01
1.429773639974210298e+01
1.434461323197014160e+01
1.439159769986988024e+01
1.443862802241845245e+01
1.448576608161920198e+01
1.453294989448831132e+01
1.458024154499007530e+01
1.462757884817972354e+01
1.467499287129282237e+01
1.472251488349268378e+01
1.477008239692631264e+01
1.481775800042719204e+01
1.486547900418135804e+01
1.491327672785898351e+01
1.496118269305795145e+01
1.500913390705611405e+01
1.505719346355609467e+01
1.510529816787479085e+01
1.515347959211694118e+01
1.520176951031501922e+01
1.525010442487770668e+01
1.529854793437679561e+01
1.534703633926001487e+01
1.539560146406669183e+01
1.544427533526387819e+01
1.549299395039109228e+01
1.554182141288928953e+01
1.559069351833704076e+01
1.563964234370824435e+01
1.568870016790453370e+01
1.573780248359627443e+01
1.578701389909357999e+01
1.583626970510585785e+01
1.588563471190417431e+01
1.593504400823698219e+01
1.598453002449324956e+01
1.603412539298966522e+01
1.608376489956646793e+01
1.613351385936389448e+01
1.618330685626123255e+01
1.623317657308202300e+01
1.628315589457753987e+01
1.633317910171887277e+01
1.638331201451541119e+01
1.643348871197727590e+01
1.648374212936258942e+01
1.653410540385721461e+01
1.658451231156307770e+01
1.663506241555825937e+01
1.668562286405828488e+01
1.673626003248176630e+01
1.678697392082869300e+01
1.683776452909906851e+01
1.688863185729290706e+01
1.693957590541018732e+01
1.699059667345092350e+01
1.704169416141511562e+01
1.709286836930275300e+01
1.714411929711384275e+01
1.719544694484839198e+01
1.724685131250638648e+01
1.729833240008782980e+01
1.734989020759273615e+01
1.740152473502108421e+01
1.745357644197605040e+01
1.750536491398764127e+01
1.755723010592268807e+01
1.760917201778117658e+01
1.766119064956312812e+01
1.771328600126852493e+01
1.776545807289737411e+01
1.781770686444968277e+01
1.787003237592543314e+01
1.792243460732463589e+01
1.797491355864730167e+01
1.802746922989340916e+01
1.808010162106295837e+01
1.813281073215597772e+01
1.818559656317243878e+01
1.823845911411235221e+01
1.829139838497572512e+01
1.834441437576254330e+01
1.839750708647281385e+01
1.845067651710654033e+01
1.850392266766371208e+01
1.855724553814433619e+01
1.861064512854841979e+01
1.866412143887594155e+01
1.871767446912692634e+01
1.877165730063362048e+01
1.882536427546784452e+01
1.887914797022552449e+01
1.893300838490664972e+01
1.898694551951122378e+01
1.904095937403926087e+01
1.909504994849073967e+01
1.914921724286567084e+01
1.920346125716406149e+01
1.925778199138589031e+01
1.931217944553117505e+01
1.936665361959991927e+01
1.942120451359211231e+01
1.947583212750775061e+01
1.953053646134685195e+01
1.958531751510939856e+01
1.964017528879539398e+01
1.969510978240485244e+01
1.975012099593775261e+01
1.980520892939410160e+01
1.986037358277390652e+01
1.991561495607717092e+01
1.997093304930387703e+01
2.002632786245403551e+01
2.008216459385267427e+01
2.013771335158606490e+01
2.019333882924292567e+01
2.024904102682323881e+01
2.030481994432698656e+01
2.036067558175420089e+01
2.041660793910486049e+01
2.047261701637896891e+01
2.052870281357653326e+01
2.058486533069755353e+01
2.064110456774201197e+01
2.069742052470993698e+01
2.075381320160131438e+01
2.081028259841612993e+01
2.086682871515440851e+01
2.092345155181613237e+01
2.098015110840130859e+01
2.103692738490994429e+01
2.109378038134202527e+01
2.115071009769755506e+01
2.120771653397654433e+01
2.126479969017897886e+01
2.132195956630485867e+01
2.137919616235420506e+01
2.143650947832699316e+01
2.149427733427735987e+01
2.155174459483339078e+01
2.160928857531287406e+01
2.166690927571581682e+01
2.172460669604220485e+01
2.178238083629204169e+01
2.184023169646533447e+01
2.189815927656207606e+01
2.195616357658227713e+01
2.201424459652591992e+01
2.207240233639301863e+01
2.213063679618356616e+01
2.218894797589757317e+01
2.224733587553502545e+01
2.230580049509593010e+01
2.236434183458028713e+01
2.242295989398810008e+01
2.248165467331935830e+01
2.254042617257406889e+01
2.259927439175223896e+01
2.265819933085384719e+01
2.271720098987891845e+01
2.277627936882743498e+01
2.283543446769940388e+01
2.289466628649482516e+01
2.295436526699692692e+01
2.301375103037558389e+01
2.307321351367770390e+01
2.313275271690327983e+01
2.319236864005227972e+01
2.325206128312475684e+01
2.331183064612068634e+01
2.337167672904005045e+01
2.343159953188288469e+01
2.349159905464916775e+01
2.355167529733888898e+01
2.361182825995207679e+01
2.367205794248871698e+01
2.373236434494878822e+01
2.379274746733233314e+01
2.385320730963931979e+01
2.391374387186975881e+01
2.397435715402365730e+01
2.403504715610099751e+01
2.409581387810178299e+01
2.415665732002603505e+01
2.421757748187373238e+01
2.427857436364487853e+01
2.433964796533948771e+01
2.440120084573351988e+01
2.446242839201136121e+01
2.452373265821265491e+01
2.458511364433740098e+01
2.464657135038559588e+01
2.470810577635724314e+01
2.476971692225235344e+01
2.483140478807090545e+01
2.489316937381290984e+01
2.495501067947837370e+01
2.501692870506727928e+01
2.507892345057964079e+01
2.514099491601545111e+01
2.520314310137471381e+01
2.526536800665743598e+01
2.532766963186359988e+01
2.539004797699321614e+01
2.545250304204628833e+01
2.551503482702280579e+01
2.557764333192277917e+01
2.564032855674621203e+01
2.570309050149308661e+01
2.576592916616341711e+01
2.582884455075720354e+01
2.589183665527443523e+01
2.595532066022019180e+01
2.601846670932066630e+01
2.608168947834458962e+01
2.614498896729196531e+01
2.620836517616280403e+01
2.627181810495708447e+01
2.633534775367481373e+01
2.639895412231600602e+01
2.646263721088063292e+01
2.652639701936872640e+01
2.659023354778026516e+01
2.665414679611525628e+01
2.671813676437370688e+01
2.678220345255559920e+01
2.684634686066094389e+01
2.691056698868974806e+01
2.697486383664199039e+01
2.703923740451768865e+01
2.710368769231684993e+01
2.716821470003945294e+01
2.723281842768550831e+01
2.729749887525502317e+01
2.736225604274798329e+01
2.742708993016438157e+01
2.749242783500208986e+01
2.755741566700174161e+01
2.762248021892484573e+01
2.768762149077139867e+01
2.775283948254141464e+01
2.781813419423487588e+01
2.788350562585179659e+01
2.794895377739215903e+01
2.801447864885596317e+01
2.808008024024323745e+01
2.814575855155395345e+01
2.821151358278812182e+01
2.827734533394574257e+01
2.834325380502682634e+01
2.840923899603134117e+01
2.847530090695933680e+01
2.854143953781076348e+01
2.860765488858564254e+01
2.867394695928397397e+01
2.874031574990576487e+01
2.880676126045099039e+01
2.887328349091969670e+01
2.893988244131182341e+01
2.900655811162740250e+01
2.907331050186646237e+01
2.914057953125587730e+01
2.920748586607816932e+01
2.927446892082390661e+01
2.934152869549309273e+01
2.940866519008573121e+01
2.947587840460182917e+01
2.954316833904136885e+01
2.961053499340435380e+01
2.967797836769080888e+01
2.974549846190070568e+01
2.981309527603406195e+01
2.988076881009085284e+01
2.994851906407111386e+01
3.001634603797482015e+01
3.008424973180198236e+01
3.015223014555257919e+01
3.022028727922664970e+01
3.028842113282415838e+01
3.035663170634513008e+01
3.042491899978954351e+01
3.049328301315739864e+01
3.056172374644872747e+01
3.063024119966349446e+01
3.069883537280172447e+01
3.076795830208307692e+01
3.083670641980454974e+01
3.090553125744946428e+01
3.097443281501782764e+01
3.104341109250964692e+01
3.111246608992491502e+01
3.118159780726363550e+01
3.125080624452580835e+01
3.132009140171145134e+01
3.138945327882051828e+01
3.145889187585305535e+01
3.152840719280903770e+01
3.159799922968846531e+01
3.166766798649134884e+01
3.173741346321769541e+01
3.180723565986746948e+01
3.187713457644072790e+01
3.194711021293741737e+01
3.201716256935755922e+01
3.208729164570114989e+01
3.215749744196819648e+01
3.222777995815869190e+01
3.229813919427264324e+01
3.236857515031005050e+01
3.243908782627089238e+01
3.251014188010399408e+01
