6.411538314427417395e-02
7.031055496076954459e-02
7.650572677726490134e-02
8.270089859376025809e-02
8.889607041025561485e-02
9.509124222675098548e-02
1.012868215131106087e-01
1.074819933296059654e-01
1.136771651461013360e-01
1.198723369625967067e-01
1.260675087790920634e-01
1.322626805955874341e-01
1.384578524120827769e-01
1.446530242285781198e-01
1.508481960450734904e-01
1.570433678615688333e-01
1.632385396780642040e-01
1.694337114945595746e-01
1.756288833110549175e-01
1.818240551275502881e-01
1.880192269440456310e-01
1.942143987605410016e-01
2.004099780469006387e-01
2.066051498633960093e-01
2.128003216798913799e-01
2.189954934963867506e-01
2.251906653128820657e-01
2.313858371293774363e-01
2.375810089458727514e-01
2.437761807623681221e-01
2.499713525788634927e-01
2.561665243953588633e-01
2.623616962118541784e-01
2.685568680283495491e-01
2.747520398448449197e-01
2.809472116613402903e-01
2.871427909476999552e-01
2.933379627641953258e-01
2.995331345806906409e-01
3.057283063971860115e-01
3.119234782136813822e-01
3.181186500301767528e-01
3.243138218466720679e-01
3.305089936631674385e-01
3.367041654796627537e-01
3.428993372961581798e-01
3.490945091126534949e-01
3.552896809291488656e-01
3.614848527456442362e-01
3.676800245621396068e-01
3.738756038484992161e-01
3.800707756649945868e-01
3.862659474814900129e-01
3.924611192979853280e-01
3.986562911144806431e-01
4.048514629309759583e-01
4.110474496871999173e-01
4.172409916242382222e-01
4.234386082599191914e-01
4.296321501969574408e-01
4.358256921339957457e-01
4.420233087696768259e-01
4.482168507067149643e-01
4.544144673423960445e-01
4.606080092794342384e-01
4.668015512164724878e-01
4.729991678521535681e-01
4.791927097891917620e-01
4.853903264248727867e-01
4.915838683619109806e-01
4.977774102989493410e-01
5.039750269346303657e-01
5.101685688716686151e-01
5.163661855073495843e-01
5.225597274443878337e-01
5.287573440800688029e-01
5.349508860171071634e-01
5.411444279541454128e-01
5.473420445898263820e-01
5.535355865268646314e-01
5.597332031625457116e-01
5.659267450995839610e-01
5.721202870366222104e-01
5.783179036723031796e-01
5.845114456093414290e-01
5.907090622450223982e-01
5.969026041820607587e-01
6.030961461190990081e-01
6.092937627547799773e-01
6.154873046918182267e-01
6.216849213274991959e-01
6.278784632645374453e-01
6.340720052015758057e-01
6.402696218372567749e-01
6.464631637742950243e-01
6.526607804099759935e-01
6.588543223470142429e-01
6.650478642840524923e-01
6.712454809197335726e-01
6.774390228567718220e-01
6.836366394924527912e-01
6.898301814294911516e-01
6.960277980651721208e-01
7.022213400022103702e-01
7.084148819392486196e-01
7.146124985749296998e-01
7.208060405119679492e-01
7.270036571476488074e-01
7.331971990846871678e-01
7.393907410217255283e-01
7.455883576574063865e-01
7.517818995944446359e-01
7.579795162301257161e-01
7.641730581671639655e-01
7.703666001042022149e-01
7.765642167398831841e-01
7.827577586769215445e-01
7.889553753126025137e-01
7.951489172496406521e-01
8.013424591866790125e-01
8.075400758223600928e-01
8.137336177593983422e-01
8.199312343950792004e-01
8.261247763321175608e-01
8.323183182691558102e-01
8.385159349048368904e-01
8.447094768418750288e-01
8.509070934775561090e-01
8.571006354145944695e-01
8.632941773516324968e-01
8.694917939873135770e-01
8.756853359243519375e-01
8.818829525600329067e-01
8.880764944970711561e-01
8.942741111327522363e-01
9.004676530697903747e-01
9.066611950068287351e-01
9.128588116425095933e-01
9.190523535795479537e-01
9.252499702152290340e-01
9.314435121522672834e-01
9.376370540893054217e-01
9.438346707249865020e-01
9.500282126620246403e-01
9.562258292977057206e-01
9.624193712347438590e-01
9.686129131717823304e-01
9.748105298074632996e-01
9.810040717445015490e-01
9.872016883801826292e-01
9.933952303172207676e-01
9.995887722542591280e-01
1.005786388889940097e+00
1.011979930826978125e+00
1.018177547462659316e+00
1.024371089399697565e+00
1.030564631336735815e+00
1.036762247972416784e+00
1.042955789909455033e+00
1.049153406545136225e+00
1.055346948482174252e+00
1.061544565117855443e+00
1.067738107054893693e+00
1.073931648991931942e+00
1.080129265627612689e+00
1.086322807564651161e+00
1.092520424200332130e+00
1.098713966137370601e+00
1.104907508074408629e+00
1.111105124710089598e+00
1.117298666647128069e+00
1.123496283282809038e+00
1.129689825219847288e+00
1.135883367156885537e+00
1.142080983792566506e+00
1.148274525729604756e+00
1.154472142365285725e+00
1.160665684302324197e+00
1.166859226239362224e+00
1.173056842875043193e+00
1.179250384812081442e+00
1.185448001447762634e+00
1.191641543384800883e+00
1.197835085321838910e+00
1.204032701957520102e+00
1.210226243894558351e+00
1.216423860530239542e+00
1.222617402467277570e+00
1.228810944404315819e+00
1.235008561039996788e+00
1.241202102977035260e+00
1.247399719612716229e+00
1.253593261549754256e+00
1.259790878185435448e+00
1.265984420122473697e+00
1.272177962059511946e+00
1.278375578695192916e+00
1.284569120632231165e+00
1.290766737267912356e+00
1.296960279204950384e+00
1.303153821141988855e+00
1.309351437777669602e+00
1.315544979714707852e+00
1.321742596350389043e+00
1.327936138287427070e+00
1.334129680224465542e+00
1.340327296860146733e+00
1.346520838797184982e+00
1.352718455432865730e+00
1.358911997369904201e+00
1.365105539306942450e+00
1.371303155942623420e+00
1.377496697879661669e+00
1.383694314515342416e+00
1.389887856452380888e+00
1.396081398389419137e+00
1.402279015025100106e+00
1.408472556962138356e+00
1.414670173597819547e+00
1.420863715534857574e+00
1.427057257471895824e+00
1.433254874107577015e+00
1.439448416044615264e+00
1.445646032680296234e+00
1.451839574617334483e+00
1.458037191253015452e+00
1.464230733190053702e+00
1.470424275127091951e+00
1.476621891762772920e+00
1.482815433699811170e+00
1.489013050335492361e+00
1.495206592272530388e+00
1.501400134209568638e+00
1.507597750845249829e+00
1.513791292782288300e+00
1.519988909417969047e+00
1.526182451355007297e+00
1.532375993292045768e+00
1.538573609927726515e+00
1.544767151864764987e+00
1.550964768500445734e+00
1.557158310437484205e+00
1.563351852374522455e+00
1.569549469010203202e+00
1.575743010947241673e+00
1.581940627582922865e+00
1.588134169519960892e+00
1.594327711456998919e+00
1.600525328092680333e+00
1.606718870029718582e+00
1.612916486665399551e+00
1.619110028602437801e+00
1.625307645238118548e+00
1.631501187175157019e+00
1.637694729112195269e+00
1.643892345747876238e+00
1.650085887684914487e+00
1.656283504320595679e+00
1.662477046257633706e+00
1.668670588194671955e+00
1.674868204830353147e+00
1.681061746767391396e+00
1.687259363403072365e+00
1.693452905340110393e+00
1.699646447277149086e+00
1.705844063912829833e+00
1.712037605849868083e+00
1.718235222485549052e+00
1.724428764422587079e+00
1.730622306359625773e+00
1.736819922995306520e+00
1.743013464932344769e+00
1.749211081568025961e+00
1.755404623505064210e+00
1.761598165442102459e+00
1.767795782077783651e+00
1.773989324014821900e+00
1.780186940650502647e+00
1.786380482587540897e+00
1.792574024524579368e+00
1.798771641160260337e+00
1.804965183097298587e+00
1.811162799732979334e+00
1.817356341670017583e+00
1.823553958305698774e+00
1.829747500242737024e+00
1.835941042179775051e+00
1.842138658815456465e+00
1.848332200752494270e+00
1.854529817388175461e+00
1.860723359325213933e+00
1.866916901262252182e+00
1.873114517897933151e+00
1.879308059834971179e+00
1.885505676470652148e+00
1.891699218407690619e+00
1.897892760344728869e+00
1.904090376980409838e+00
1.910283918917447865e+00
1.916481535553129278e+00
1.922675077490167306e+00
1.928868619427205555e+00
1.935066236062886746e+00
1.941259777999924996e+00
1.947457394635605743e+00
1.953650936572644436e+00
1.959844478509682686e+00
1.966042095145363433e+00
1.972235637082401682e+00
1.978433253718082430e+00
1.984626795655121123e+00
1.990824412290801870e+00
1.997017954227840120e+00
2.003211496164878369e+00
2.009409112800559782e+00
2.015602654737597810e+00
2.021800271373278779e+00
2.027993813310317250e+00
2.034187355247355278e+00
2.040384971883036247e+00
2.046578513820074718e+00
2.052776130455755688e+00
2.058969672392793715e+00
2.065163214329832186e+00
2.071360830965512712e+00
2.077554372902551627e+00
2.083751989538232596e+00
2.089945531475270624e+00
2.096139073412308651e+00
2.102336690047990064e+00
2.108530231985028092e+00
2.114727848620709505e+00
2.120921390557747532e+00
2.127114932494785560e+00
2.133312549130466529e+00
2.139506091067505000e+00
2.145703707703185970e+00
2.151897249640224441e+00
2.158094866275904966e+00
2.164288408212943438e+00
2.170481950149981909e+00
2.176679566785662878e+00
2.182873108722700906e+00
2.189070725358382319e+00
2.195264267295420346e+00
2.201457809232458374e+00
2.207655425868139787e+00
2.213848967805177814e+00
2.220046584440858783e+00
2.226240126377896811e+00
2.232433668314935282e+00
2.238631284950616251e+00
2.244824826887654723e+00
2.251022443523335692e+00
2.257215985460373719e+00
2.263409527397412191e+00
2.269607144033093160e+00
2.275800685970131187e+00
2.281998302605812601e+00
2.288191844542850628e+00
2.294385386479889100e+00
2.300583003115569625e+00
2.306776545052608540e+00
2.312974161688289065e+00
2.319167703625327537e+00
2.325361245562365564e+00
2.331558862198046977e+00
2.337752404135085005e+00
2.343950020770766418e+00
2.350143562707804001e+00
2.356341179343485415e+00
2.362534721280523442e+00
2.368728263217561913e+00
2.374925879853242883e+00
2.381119421790280910e+00
2.387317038425961879e+00
2.393510580363000351e+00
2.399704122300038822e+00
2.405901738935719791e+00
2.412095280872757819e+00
2.418292897508438788e+00
2.424486439445476815e+00
2.430679981382515287e+00
2.436877598018196700e+00
2.443071139955234283e+00
2.449268756590915697e+00
2.455462298527953724e+00
2.461655840464992639e+00
2.467853457100673165e+00
2.474046999037711636e+00
2.480244615673392605e+00
2.486438157610430633e+00
2.492631699547469104e+00
2.498829316183150073e+00
2.505022858120188101e+00
2.511220474755869514e+00
2.517414016692907097e+00
2.523611633328588510e+00
2.529805175265626982e+00
2.535998717202665009e+00
2.542196333838345979e+00
2.548389875775384450e+00
2.554587492411064975e+00
2.560781034348103891e+00
2.566974576285141918e+00
2.573172192920822887e+00
2.579365734857860915e+00
2.585563351493541884e+00
2.591756893430580355e+00
2.597950435367618383e+00
2.604148052003299796e+00
2.610341593940337823e+00
2.616539210576018348e+00
2.622732752513057264e+00
2.628926294450095291e+00
2.635123911085776705e+00
2.641317453022814732e+00
2.647515069658496145e+00
2.653708611595533728e+00
2.659902153532571756e+00
2.666099770168253169e+00
2.672293312105291196e+00
2.678490928740972610e+00
2.684684470678010637e+00
2.690878012615049109e+00
2.697075629250729634e+00
2.703269171187768105e+00
2.709466787823449074e+00
2.715660329760487990e+00
2.721857946396168515e+00
2.728051488333206542e+00
2.734245030270244570e+00
2.740442646905925983e+00
2.746636188842964454e+00
2.752833805478645424e+00
2.759027347415683895e+00
2.765220889352721922e+00
2.771418505988402448e+00
2.777612047925441363e+00
2.783809664561122332e+00
2.790003206498160804e+00
2.796196748435198831e+00
2.802394365070879356e+00
2.808587907007917828e+00
2.814785523643599241e+00
2.820979065580637268e+00
2.827172607517675296e+00
2.833370224153356709e+00
2.839563766090394736e+00
2.845761382726075706e+00
2.851954924663113733e+00
2.858148466600152204e+00
2.864346083235833174e+00
2.870539625172871645e+00
2.876737241808552614e+00
2.882930783745590642e+00
2.889128400381272055e+00
2.895321942318310082e+00
2.901515484255348110e+00
2.907713100891029523e+00
2.913906642828067994e+00
2.920104259463748519e+00
2.926297801400786547e+00
2.932491343337825018e+00
2.938688959973505987e+00
2.944882501910544903e+00
2.951080118546225428e+00
2.957273660483263455e+00
2.963467202420301927e+00
2.969664819055982896e+00
2.975858360993021368e+00
2.982055977628702781e+00
2.988249519565739920e+00
2.994443061502778836e+00
3.000640678138459361e+00
3.006834220075497832e+00
3.013031836711179245e+00
3.019225378648217273e+00
3.025418920585255744e+00
3.031616537220936713e+00
3.037810079157974741e+00
3.044007695793656154e+00
3.050201237730694181e+00
3.056394779667732209e+00
3.062592396303413178e+00
3.068785938240451205e+00
3.074983554876132619e+00
3.081177096813170646e+00
3.087374713448852059e+00
3.093568255385890087e+00
3.099761797322929002e+00
3.105959413958609527e+00
3.112152955895647555e+00
3.118350572531328968e+00
3.124544114468366995e+00
3.130737656405405467e+00
3.136935273041085992e+00
3.143128814978124019e+00
3.149326431613805433e+00
3.155519973550843460e+00
3.161713515487882376e+00
3.167911132123563345e+00
3.174104674060601372e+00
3.180302290696281897e+00
3.186495832633320369e+00
3.192689374570358840e+00
3.198886991206040253e+00
3.205080533143078281e+00
3.211278149778758806e+00
3.217471691715796833e+00
3.223665233652835305e+00
3.229862850288516718e+00
3.236056392225554745e+00
3.242254008861236159e+00
3.248447550798274186e+00
3.254645167433954711e+00
3.260838709370993627e+00
3.267032251308031210e+00
3.273229867943713067e+00
3.279423409880751539e+00
3.285621026516431620e+00
3.291814568453470091e+00
3.298008110390508119e+00
3.304205727026189532e+00
3.310399268963228003e+00
3.316596885598908973e+00
3.322790427535947000e+00
3.328983969472985471e+00
3.335181586108665996e+00
3.341375128045704912e+00
3.347572744681385437e+00
3.353766286618424353e+00
3.359959828555461936e+00
3.366157445191142905e+00
3.372350987128181377e+00
3.378548603763862346e+00
3.384742145700900817e+00
3.390935687637938845e+00
3.397133304273619370e+00
3.403326846210658285e+00
3.409524462846338810e+00
3.415718004783377726e+00
3.421911546720415309e+00
3.428109163356097167e+00
3.434302705293134750e+00
3.440500321928815719e+00
3.446693863865854190e+00
3.452891480501535160e+00
3.459085022438573631e+00
3.465278564375612103e+00
3.471476181011292184e+00
3.477669722948331099e+00
3.483867339584011624e+00
3.490060881521050096e+00
3.496254423458089011e+00
3.502452040093769536e+00
3.508645582030807564e+00
3.514843198666488533e+00
3.521036740603527004e+00
3.527230282540565476e+00
3.533427899176246445e+00
3.539621441113284916e+00
3.545819057748964998e+00
3.552012599686003469e+00
3.558206141623042384e+00
3.564403758258722910e+00
3.570597300195761825e+00
3.576794916831442350e+00
3.582988458768480378e+00
3.589182000705518849e+00
3.595379617341199818e+00
3.601573159278238290e+00
3.607770775913919259e+00
3.613964317850957730e+00
3.620161934486637811e+00
3.626355476423676283e+00
3.632549018360715198e+00
3.638746634996395724e+00
3.644940176933434195e+00
3.651137793569114720e+00
3.657331335506153192e+00
3.663524877443191663e+00
3.669722494078872632e+00
3.675916036015911104e+00
3.682113652651592073e+00
3.688307194588630544e+00
3.694500736525669016e+00
3.700698353161349097e+00
3.706891895098387568e+00
3.713089511734068537e+00
3.719283053671107009e+00
3.725476595608145924e+00
3.731674212243826005e+00
3.737867754180864477e+00
3.744065370816545446e+00
3.750258912753583918e+00
3.756452454690622389e+00
3.762650071326303358e+00
3.768843613263340941e+00
3.775041229899021911e+00
3.781234771836060382e+00
3.787428313773099298e+00
3.793625930408779823e+00
3.799819472345818294e+00
3.806017088981498819e+00
3.812210630918537291e+00
3.818408247554218260e+00
3.824601789491256731e+00
3.830795331428295203e+00
3.836992948063976172e+00
3.843186490001013755e+00
3.849384106636695613e+00
3.855577648573733196e+00
3.861771190510771667e+00
3.867968807146452637e+00
3.874162349083491108e+00
3.880359965719172077e+00
3.886553507656210105e+00
3.892747049593248576e+00
3.898944666228929545e+00
3.905138208165968017e+00
3.911335824801648986e+00
3.917529366738686569e+00
3.923722908675725041e+00
3.929920525311406010e+00
3.936114067248444481e+00
3.942311683884125451e+00
3.948505225821163922e+00
3.954698767758202393e+00
3.960896384393882919e+00
3.967089926330921390e+00
3.973287542966602359e+00
3.979481084903640831e+00
3.985678701539321800e+00
3.991872243476359383e+00
3.998065785413397855e+00
4.004263402049079268e+00
4.010456943986117295e+00
4.016654560621798709e+00
4.022848102558836736e+00
4.029041644495874763e+00
4.035239261131555288e+00
4.041432803068594204e+00
4.047630419704275617e+00
4.053823961641313645e+00
4.060017503578351672e+00
4.066215120214032197e+00
4.072408662151071113e+00
4.078610353485395024e+00
4.084803895422433051e+00
4.090997437359471967e+00
4.097190979296509994e+00
4.103384521233547133e+00
4.109578063170586049e+00
4.115771605107624076e+00
4.121965147044662103e+00
4.128158688981701019e+00
4.134352230918739046e+00
4.140545772855777074e+00
4.146739314792815989e+00
4.152932856729854016e+00
4.159126398666892044e+00
4.165319940603930959e+00
4.171513482540968987e+00
4.177747771464434656e+00
4.183941313401472684e+00
4.190134855338511599e+00
4.196328397275548738e+00
4.202521939212587654e+00
4.208715481149625681e+00
4.214909023086663709e+00
4.221102565023702624e+00
4.227296106960740651e+00
4.233489648897778679e+00
4.239683190834817594e+00
4.245876732771855622e+00
4.252070274708892761e+00
4.258263816645931676e+00
4.264457358582969704e+00
4.270650900520007731e+00
4.276844442457046647e+00
4.283037984394084674e+00
4.289231526331122701e+00
4.295425068268161617e+00
4.301618610205199644e+00
4.307812152142237672e+00
4.314005694079276587e+00
4.320199236016313726e+00
4.326392777953352642e+00
4.332627066876818311e+00
4.338820608813856339e+00
4.345014150750895254e+00
4.351207692687933282e+00
4.357401234624971309e+00
4.363594776562010225e+00
4.369788318499048252e+00
4.375981860436086279e+00
4.382175402373125195e+00
4.388368944310162334e+00
4.394562486247200361e+00
4.400756028184239277e+00
4.406949570121277304e+00
4.413143112058315332e+00
4.419336653995354247e+00
4.425530195932392274e+00
4.431723737869430302e+00
4.437917279806469217e+00
4.444110821743507245e+00
4.450304363680545272e+00
4.456497905617583299e+00
4.462691447554622215e+00
4.468884989491660242e+00
4.475078531428698270e+00
4.481312820352164827e+00
4.487506362289201967e+00
4.493699904226240882e+00
4.499893446163279798e+00
4.506086988100316937e+00
4.512280530037355852e+00
4.518474071974393880e+00
4.524667613911431907e+00
4.530861155848469934e+00
4.537054697785508850e+00
4.543248239722545989e+00
4.549441781659584905e+00
4.555635323596623820e+00
4.561828865533660959e+00
4.568022407470699875e+00
4.574215949407737902e+00
4.580409491344775930e+00
4.586603033281814845e+00
4.592796575218852873e+00
4.598990117155890900e+00
4.605183659092929815e+00
4.611377201029967843e+00
4.617570742967004982e+00
4.623764284904043897e+00
4.629957826841081925e+00
4.636192115764548483e+00
4.642385657701586510e+00
4.648579199638624537e+00
4.654772741575663453e+00
4.660966283512701480e+00
4.667159825449739508e+00
4.673353367386777535e+00
4.679546909323815562e+00
4.685740451260854478e+00
4.691933993197892505e+00
4.698127535134930532e+00
4.704321077071968560e+00
4.710514619009007475e+00
4.716708160946045503e+00
4.722901702883083530e+00
4.729095244820121557e+00
4.735288786757160473e+00
4.741482328694198500e+00
4.747675870631236528e+00
4.753869412568275443e+00
4.760062954505312582e+00
4.766256496442351498e+00
4.772450038379389525e+00
4.778643580316427553e+00
4.784837122253465580e+00
4.791071411176933026e+00
4.797264953113970165e+00
4.803458495051009081e+00
4.809652036988047996e+00
4.815845578925084247e+00
4.822039120862123163e+00
4.828232662799162078e+00
4.834426204736199217e+00
4.840619746673238133e+00
4.846813288610277048e+00
4.853006830547314188e+00
4.859200372484353103e+00
4.865393914421392019e+00
4.871587456358429158e+00
4.877780998295468073e+00
4.883974540232506101e+00
4.890168082169544128e+00
4.896361624106583044e+00
4.902555166043621071e+00
4.908748707980658210e+00
4.914942249917697126e+00
4.921135791854735153e+00
4.927329333791773180e+00
4.933522875728812096e+00
4.939757164652278654e+00
4.945950706589316681e+00
4.952144248526354708e+00
4.958337790463392736e+00
4.964531332400430763e+00
4.970724874337468790e+00
4.976918416274507706e+00
4.983111958211545733e+00
4.989305500148583761e+00
4.995499042085622676e+00
5.001692584022660704e+00
5.007886125959698731e+00
5.014079667896736758e+00
5.020273209833774786e+00
5.026466751770813701e+00
5.032660293707851729e+00
5.038853835644889756e+00
5.045047377581927783e+00
5.051240919518965811e+00
5.057434461456003838e+00
5.063628003393042754e+00
5.069821545330080781e+00
5.076015087267118808e+00
5.082208629204157724e+00
5.088402171141195751e+00
5.094636460064662309e+00
5.100830002001700336e+00
5.107023543938738364e+00
5.113217085875776391e+00
5.119410627812815306e+00
5.125604169749853334e+00
5.131797711686891361e+00
5.137991253623930277e+00
5.144184795560967416e+00
5.150378337498006331e+00
5.156571879435044359e+00
5.162765421372082386e+00
5.168958963309121302e+00
5.175152505246159329e+00
5.181346047183197356e+00
5.187539589120236272e+00
5.193733131057273411e+00
5.199926672994311438e+00
5.206120214931350354e+00
5.212313756868388381e+00
5.218507298805426409e+00
5.224700840742465324e+00
5.230894382679503352e+00
5.237087924616540491e+00
5.243322213540007937e+00
5.249515755477045964e+00
5.255709297414083991e+00
5.261902839351122019e+00
5.268096381288160934e+00
5.274289923225198962e+00
5.280483465162237877e+00
5.286677007099275905e+00
5.292870549036313044e+00
5.299064090973351959e+00
5.305257632910389987e+00
5.311451174847428014e+00
5.317644716784466041e+00
5.323838258721504957e+00
5.330031800658542096e+00
5.336225342595581900e+00
5.342418884532619927e+00
5.348612426469657954e+00
5.354805968406695982e+00
5.360999510343734897e+00
5.367193052280772037e+00
5.373386594217811840e+00
5.379580136154848979e+00
5.385773678091886119e+00
5.391967220028925922e+00
5.398201508952391592e+00
5.404395050889430507e+00
5.410588592826468535e+00
5.416782134763506562e+00
5.422975676700544589e+00
5.429169218637583505e+00
5.435362760574621532e+00
5.441556302511658672e+00
5.447749844448697587e+00
5.453943386385735614e+00
5.460136928322774530e+00
5.466330470259811669e+00
5.472524012196850585e+00
5.478717554133888612e+00
5.484911096070927528e+00
5.491104638007964667e+00
5.497298179945003582e+00
5.503491721882041610e+00
5.509685263819080525e+00
5.515878805756118552e+00
5.522072347693155692e+00
5.528265889630194607e+00
5.534459431567232635e+00
5.540652973504271550e+00
5.546887262427737220e+00
5.553080804364776135e+00
5.559274346301814163e+00
5.565467888238852190e+00
5.571661430175890217e+00
5.577854972112928245e+00
5.584048514049966272e+00
5.590242055987004299e+00
5.596435597924044103e+00
5.602629139861081242e+00
5.608822681798120158e+00
5.615016223735158185e+00
5.621209765672196212e+00
5.627403307609234240e+00
5.633596849546273155e+00
5.639790391483310295e+00
5.645983933420350098e+00
5.652177475357388126e+00
5.658371017294426153e+00
5.664564559231464180e+00
5.670758101168502208e+00
5.676951643105540235e+00
5.683145185042578262e+00
5.689338726979617178e+00
5.695532268916654317e+00
5.701766557840121763e+00
