    1.5735   224.478
   1.72554    182.23
   1.87758   141.488
   2.02962   108.674
   2.18166   87.5877
    2.3337    73.899
   2.48575   61.8276
   2.63779   52.3429
   2.78983   45.8178
   2.94187   40.6594
   3.09391   37.1767
   3.24595   35.6309
   3.39799   34.9989
   3.55003   34.3621
   3.70207    33.564
   3.85411   32.6678
   4.00615   31.7001
   4.15819    30.657
   4.31023   29.9101
   4.46227    29.736
   4.61431   30.0677
   4.76635   30.6712
    4.9184   31.3002
   5.07044   31.8625
   5.22248    32.323
   5.37452   32.7095
   5.52656   33.0718
    5.6786   33.4275
   5.83064    33.745
   5.98268   33.9824
   6.13472   34.1017
   6.28676    34.103
    6.4388   34.0195
   6.59084   33.9261
   6.74288   33.8798
   6.89492   33.8813
   7.04697   33.9044
   7.19901   33.9198
   7.35105   33.8941
   7.50309    33.798
   7.65513   33.6234
   7.80717   33.3813
   7.95921   33.0955
   8.11125   32.7792
   8.26329    32.443
   8.41533    32.102
   8.56737   31.7749
   8.71941   31.4691
   8.87145   31.1853
   9.02349   30.9059
   9.17554   30.6102
   9.32758   30.2822
   9.47962    29.915
   9.63166   29.5071
    9.7837     29.06
   9.93574   28.5797
   10.0878    28.078
   10.2398   27.5676
   10.3919   27.0605
   10.5439   26.5614
   10.6959   26.0711
    10.848   25.5883
        11   25.1101
   11.1521   24.6351
   11.3041   24.1624
   11.4561   23.6907
   11.6082   23.2191
   11.7602   22.7472
   11.9123   22.2763
   12.0643   21.8082
   12.2163   21.3445
   12.3684   20.8864
   12.5204   20.4348
   12.6725   19.9903
   12.8245   19.5535
   12.9766    19.124
   13.1286   18.7018
   13.2806   18.2863
   13.4327   17.8773
   13.5847   17.4745
   13.7368   17.0775
   13.8888   16.6863
   14.0408   16.3011
   14.1929   15.9222
   14.3449   15.5496
    14.497   15.1838
    14.649   14.8249
    14.801   14.4729
   14.9531   14.1281
   15.1051   13.7906
   15.2572   13.4603
   15.4092   13.1372
   15.5612   12.8214
   15.7133   12.5127
   15.8653   12.2111
   16.0174   11.9165
   16.1694    11.629
   16.3214   11.3483
   16.4735   11.0744
   16.6255   10.8072
   16.7776   10.5462
   16.9296   10.2914
   17.0817   10.0424
   17.2337   9.79902
   17.3857   9.56108
   17.5378   9.32831
   17.6898   9.10049
   17.8419   8.87744
   17.9939   8.65897
   18.1459   8.44495
    18.298   8.23522
     18.45   8.02963
   18.6021   7.82805
   18.7541   7.63042
   18.9061   7.43666
   19.0582   7.24675
   19.2102    7.0607
   19.3623   6.87858
   19.5143    6.7005
   19.6663   6.52656
   19.8184   6.35686
   19.9704   6.19151
   20.1225    6.0306
   20.2745   5.87417
   20.4265   5.72226
   20.5786    5.5749
   20.7306    5.4321
   20.8827   5.29385
   21.0347   5.16008
   21.1867   5.03071
   21.3388    4.9056
   21.4908    4.7846
   21.6429   4.66757
   21.7949   4.55437
    21.947   4.44485
    22.099   4.33886
    22.251   4.23624
   22.4031   4.13682
   22.5551   4.04045
   22.7072   3.94698
   22.8592   3.85626
   23.0112   3.76817
   23.1633   3.68258
   23.3153   3.59938
   23.4674   3.51845
   23.6194   3.43967
   23.7714   3.36294
   23.9235   3.28818
   24.0755   3.21529
   24.2276   3.14421
   24.3796   3.07485
   24.5316   3.00714
   24.6837     2.941
   24.8357   2.87636
   24.9878   2.81317
   25.1398   2.75135
   25.2918   2.69084
   25.4439   2.63159
   25.5959   2.57357
    25.748   2.51673
      25.9   2.46106
   26.0521   2.40653
   26.2041   2.35312
   26.3561   2.30081
   26.5082   2.24959
   26.6602   2.19945
   26.8123   2.15038
   26.9643   2.10235
   27.1163   2.05537
   27.2684   2.00943
   27.4204   1.96451
   27.5725   1.92062
   27.7245   1.87774
   27.8765   1.83587
   28.0286   1.79499
   28.1806    1.7551
   28.3327    1.7162
   28.4847   1.67827
   28.6367   1.64131
   28.7888   1.60531
   28.9408   1.57026
   29.0929   1.53615
   29.2449   1.50298
   29.3969   1.47072
    29.549   1.43935
    29.701   1.40886
   29.8531   1.37922
   30.0051   1.35042
   30.1571   1.32244
   30.3092   1.29526
   30.4612   1.26886
   30.6133   1.24322
   30.7653   1.21832
   30.9174   1.19415
   31.0694   1.17069
   31.2214   1.14791
   31.3735    1.1258
   31.5255   1.10432
   31.6776   1.08347
   31.8296   1.06321
   31.9816   1.04354
   32.1337   1.02441
   32.2857   1.00582
   32.4378  0.987743
   32.5898  0.970152
   32.7418  0.953025
   32.8939   0.93634
   33.0459  0.920076
    33.198  0.904212
     33.35  0.888726
    33.502    0.8736
   33.6541  0.858818
   33.8061  0.844371
   33.9582  0.830244
   34.1102  0.816427
   34.2622  0.802908
   34.4143  0.789674
   34.5663  0.776714
   34.7184  0.764016
   34.8704  0.751567
   35.0224  0.739359
   35.1745   0.72738
   35.3265  0.715619
   35.4786  0.704066
   35.6306  0.692709
   35.7827  0.681538
   35.9347  0.670542
   36.0867  0.659711
   36.2388  0.649039
   36.3908  0.638521
   36.5429  0.628151
   36.6949  0.617926
   36.8469  0.607837
    36.999  0.597881
    37.151  0.588051
   37.3031   0.57834
   37.4551  0.568745
   37.6071  0.559263
   37.7592  0.549895
   37.9112   0.54064
   38.0633  0.531496
   38.2153  0.522463
   38.3673   0.51354
   38.5194  0.504726
   38.6714  0.496022
   38.8235  0.487427
   38.9755  0.478949
   39.1275  0.470595
   39.2796  0.462372
   39.4316  0.454289
   39.5837  0.446351
   39.7357  0.438568
   39.8878  0.430946
   40.0398  0.423494
   40.1918  0.416219
   40.3439  0.409129
   40.4959  0.402229
    40.648  0.395526
      40.8  0.389021
    40.952  0.382716
   41.1041  0.376608
   41.2561  0.370688
   41.4082  0.364948
   41.5602   0.35938
   41.7122  0.353977
   41.8643  0.348731
   42.0163  0.343633
   42.1684  0.338677
   42.3204  0.333853
   42.4724  0.329156
   42.6245  0.324575
   42.7765  0.320104
   42.9286  0.315734
   43.0806  0.311459
   43.2326  0.307269
   43.3847   0.30316
   43.5367  0.299129
   43.6888  0.295174
   43.8408  0.291292
   43.9928  0.287481
   44.1449  0.283738
   44.2969  0.280062
    44.449   0.27645
    44.601  0.272902
   44.7531  0.269416
   44.9051  0.265989
   45.0571  0.262621
   45.2092  0.259311
   45.3612  0.256058
   45.5133  0.252862
   45.6653  0.249722
   45.8173  0.246637
   45.9694  0.243605
   46.1214  0.240622
   46.2735  0.237687
   46.4255  0.234795
   46.5775  0.231947
   46.7296  0.229137
   46.8816  0.226364
   47.0337  0.223625
   47.1857  0.220918
   47.3377  0.218242
   47.4898  0.215591
   47.6418  0.212966
   47.7939  0.210364
   47.9459  0.207782
   48.0979  0.205218
     48.25  0.202672
    48.402  0.200143
   48.5541  0.197631
   48.7061  0.195139
   48.8582  0.192665
   49.0102  0.190211
   49.1622  0.187778
   49.3143  0.185367
   49.4663  0.182979
   49.6184  0.180613
   49.7704  0.178271
   49.9224  0.175955
   50.0745  0.173664
   50.2265  0.171399
   50.3786  0.169161
   50.5306  0.166952
   50.6826  0.164771
   50.8347   0.16262
   50.9867    0.1605
   51.1388  0.158411
   51.2908  0.156354
   51.4428  0.154331
   51.5949   0.15234
   51.7469  0.150382
    51.899  0.148459
    52.051  0.146569
    52.203  0.144714
   52.3551  0.142894
   52.5071  0.141107
   52.6592  0.139354
   52.8112  0.137634
   52.9633  0.135948
   53.1153  0.134294
   53.2673  0.132673
   53.4194  0.131083
   53.5714  0.129525
   53.7235     0.128
   53.8755  0.126505
   54.0275  0.125041
   54.1796  0.123607
   54.3316  0.122202
   54.4837  0.120826
   54.6357  0.119477
   54.7877  0.118155
   54.9398   0.11686
   55.0918   0.11559
   55.2439  0.114343
   55.3959  0.113121
   55.5479  0.111922
      55.7  0.110745
    55.852   0.10959
   56.0041  0.108455
   56.1561  0.107341
   56.3081  0.106245
   56.4602  0.105169
   56.6122   0.10411
   56.7643  0.103068
   56.9163  0.102042
   57.0683  0.101032
   57.2204  0.100038
   57.3724 0.0990584
   57.5245 0.0980936
   57.6765 0.0971436
   57.8286 0.0962078
   57.9806 0.0952856
   58.1326 0.0943768
   58.2847 0.0934816
   58.4367  0.092599
   58.5888  0.091729
   58.7408 0.0908712
   58.8928 0.0900254
   59.0449  0.089191
   59.1969  0.088368
    59.349 0.0875558
    59.501 0.0867542
    59.653  0.085963
   59.8051 0.0851814
   59.9571 0.0844096
   60.1092 0.0836472
   60.2612 0.0828934
   60.4132 0.0821486
   60.5653 0.0814118
   60.7173 0.0806832
   60.8694 0.0799624
   61.0214 0.0792488
   61.1734 0.0785424
   61.3255 0.0778426
   61.4775   0.07715
   61.6296 0.0764632
   61.7816 0.0757828
   61.9337 0.0751076
   62.0857  0.074439
   62.2377 0.0737754
   62.3898  0.073117
   62.5418 0.0724636
   62.6939 0.0718156
   62.8459 0.0711722
   62.9979 0.0705336
     63.15 0.0698992
    63.302 0.0692692
   63.4541  0.068644
   63.6061 0.0680232
   63.7581 0.0674068
   63.9102  0.066795
   64.0622 0.0661876
   64.2143 0.0655848
   64.3663 0.0649866
   64.5183  0.064393
   64.6704 0.0638044
   64.8224   0.06322
   64.9745 0.0626408
   65.1265  0.062066
   65.2785 0.0614958
   65.4306 0.0609306
   65.5826 0.0603702
   65.7347 0.0598146
   65.8867 0.0592642
   66.0387 0.0587186
   66.1908 0.0581776
   66.3428 0.0576422
   66.4949 0.0571114
   66.6469 0.0565862
    66.799 0.0560656
    66.951 0.0555504
    67.103 0.0550408
   67.2551 0.0545362
   67.4071  0.054037
   67.5592 0.0535434
   67.7112 0.0530544
   67.8632 0.0525712
   68.0153 0.0520932
   68.1673 0.0516202
   68.3194 0.0511524
   68.4714 0.0506896
   68.6234 0.0502322
   68.7755 0.0497796
   68.9275 0.0493324
   69.0796   0.04889
   69.2316 0.0484524
   69.3836 0.0480202
   69.5357 0.0475928
   69.6877 0.0471702
   69.8398 0.0467526
   69.9918 0.0463396
   70.1438 0.0459316
   70.2959 0.0455286
   70.4479 0.0451304
      70.6 0.0447366
    70.752 0.0443476
   70.9041 0.0439632
   71.0561 0.0435828
   71.2081 0.0432072
   71.3602 0.0428356
   71.5122 0.0424686
   71.6643  0.042106
   71.8163 0.0417472
   71.9683  0.041393
   72.1204 0.0410432
   72.2724 0.0406974
   72.4245 0.0403558
   72.5765 0.0400182
   72.7285  0.039685
   72.8806 0.0393558
   73.0326 0.0390308
   73.1847 0.0387098
   73.3367 0.0383926
   73.4887   0.03808
   73.6408  0.037771
   73.7928 0.0374664
   73.9449 0.0371654
   74.0969 0.0368684
   74.2489 0.0365752
    74.401 0.0362862
    74.553  0.036001
   74.7051 0.0357198
   74.8571 0.0354422
   75.0091 0.0351684
   75.1612 0.0348988
   75.3132 0.0346322
   75.4653 0.0343698
   75.6173 0.0341104
   75.7694 0.0338546
   75.9214 0.0336022
   76.0734  0.033353
   76.2255 0.0331066
   76.3775  0.032863
   76.5296 0.0326226
   76.6816 0.0323848
   76.8336 0.0321498
   76.9857 0.0319174
   77.1377 0.0316874
   77.2898 0.0314596
   77.4418 0.0312342
   77.5938 0.0310112
   77.7459 0.0307894
   77.8979 0.0305702
     78.05 0.0303524
    78.202 0.0301368
    78.354 0.0299224
   78.5061 0.0297096
   78.6581  0.029498
   78.8102 0.0292884
   78.9622 0.0290792
   79.1142 0.0288714
   79.2663 0.0286648
   79.4183 0.0284594
   79.5704 0.0282548
   79.7224 0.0280516
   79.8745  0.027849
   80.0265 0.0276482
   80.1785 0.0274482
   80.3306 0.0272496
   80.4826 0.0270524
   80.6347 0.0268558
   80.7867 0.0266608
   80.9387 0.0264672
   81.0908 0.0262746
   81.2428 0.0260836
   81.3949 0.0258938
   81.5469 0.0257054
   81.6989 0.0255182
    81.851 0.0253324
    82.003 0.0251478
   82.1551  0.024965
   82.3071 0.0247838
   82.4591 0.0246036
   82.6112  0.024425
   82.7632 0.0242482
   82.9153 0.0240726
   83.0673 0.0238986
   83.2193 0.0237262
   83.3714 0.0235554
   83.5234 0.0233862
   83.6755 0.0232182
   83.8275 0.0230526
   83.9795  0.022888
   84.1316 0.0227254
   84.2836 0.0225642
   84.4357 0.0224042
   84.5877 0.0222462
   84.7398 0.0220894
   84.8918 0.0219342
   85.0438 0.0217802
   85.1959  0.021628
   85.3479 0.0214766
      85.5  0.021327
    85.652 0.0211786
    85.804 0.0210312
   85.9561 0.0208854
   86.1081 0.0207408
   86.2602  0.020597
   86.4122  0.020455
   86.5642 0.0203136
   86.7163 0.0201734
   86.8683 0.0200348
   87.0204 0.0198966
   87.1724 0.0197598
   87.3244 0.0196238
   87.4765 0.0194894
   87.6285 0.0193554
   87.7806 0.0192226
   87.9326 0.0190906
   88.0846 0.0189594
   88.2367 0.0188294
   88.3887 0.0186998
   88.5408 0.0185714
   88.6928 0.0184438
   88.8449 0.0183168
   88.9969  0.018191
   89.1489 0.0180654
    89.301  0.017941
    89.453 0.0178172
   89.6051 0.0176948
   89.7571 0.0175726
   89.9091 0.0174518
   90.0612 0.0173314
   90.2132 0.0172122
   90.3653 0.0170938
   90.5173  0.016976
   90.6693 0.0168594
   90.8214 0.0167436
   90.9734 0.0166286
   91.1255 0.0165148
   91.2775 0.0164014
   91.4295 0.0162892
   91.5816 0.0161778
   91.7336 0.0160672
   91.8857 0.0159582
   92.0377 0.0158494
   92.1897 0.0157418
   92.3418  0.015635
   92.4938  0.015529
   92.6459 0.0154242
   92.7979 0.0153204
   92.9499 0.0152176
    93.102 0.0151154
    93.254 0.0150144
   93.4061 0.0149142
   93.5581 0.0148148
   93.7102 0.0147168
   93.8622 0.0146196
   94.0142 0.0145234
   94.1663 0.0144282
   94.3183 0.0143336
   94.4704 0.0142402
   94.6224  0.014148
   94.7744 0.0140562
   94.9265 0.0139656
   95.0785 0.0138756
   95.2306 0.0137868
   95.3826 0.0136986
   95.5346 0.0136116
   95.6867 0.0135254
   95.8387   0.01344
   95.9908 0.0133554
   96.1428 0.0132716
   96.2948  0.013189
   96.4469 0.0131068
   96.5989 0.0130258
    96.751 0.0129454
    96.903  0.012866
    97.055 0.0127874
   97.2071 0.0127094
   97.3591 0.0126322
   97.5112 0.0125562
   97.6632 0.0124806
   97.8153 0.0124056
   97.9673  0.012332
   98.1193 0.0122588
   98.2714 0.0121864
   98.4234  0.012115
   98.5755  0.012044
   98.7275 0.0119736
   98.8795 0.0119044
   99.0316 0.0118356
   99.1836 0.0117676
   99.3357 0.0117004
   99.4877 0.0116338
   99.6397  0.011568
   99.7918 0.0115026
   99.9438 0.0114384
   100.096 0.0113746
   100.248 0.0113114
     100.4 0.0112488
   100.552 0.0111874
   100.704 0.0111262
   100.856 0.0110656
   101.008 0.0110058
    101.16 0.0109468
   101.312 0.0108884
   101.464 0.0108304
   101.616  0.010773
   101.768 0.0107166
    101.92 0.0106602
   102.072 0.0106048
   102.224   0.01055
   102.376 0.0104956
   102.529 0.0104418
   102.681 0.0103886
   102.833 0.0103358
   102.985 0.0102836
   103.137  0.010232
   103.289 0.0101806
   103.441 0.0101302
   103.593 0.0100798
   103.745 0.0100302
   103.897  0.009981
   104.049 0.0099322
   104.201  0.009884
   104.353 0.0098362
   104.505 0.0097888
   104.657 0.0097418
   104.809 0.0096952
   104.961  0.009649
   105.113 0.0096034
   105.265 0.0095578
   105.417  0.009513
   105.569 0.0094682
   105.721  0.009424
   105.873 0.0093804
   106.025 0.0093368
   106.177 0.0092938
    106.33  0.009251
   106.482 0.0092088
   106.634 0.0091668
   106.786 0.0091248
   106.938 0.0090836
    107.09 0.0090424
   107.242  0.009002
   107.394 0.0089614
   107.546 0.0089212
   107.698 0.0088814
    107.85 0.0088422
   108.002 0.0088026
   108.154 0.0087638
   108.306  0.008725
   108.458 0.0086866
    108.61 0.0086484
   108.762 0.0086102
   108.914  0.008573
   109.066 0.0085352
   109.218 0.0084982
    109.37  0.008461
   109.522 0.0084244
   109.674 0.0083878
   109.826 0.0083514
   109.979 0.0083156
   110.131 0.0082792
   110.283 0.0082436
   110.435 0.0082082
   110.587 0.0081728
   110.739 0.0081378
   110.891 0.0081026
   111.043  0.008068
   111.195 0.0080336
   111.347  0.007999
   111.499 0.0079646
   111.651  0.007931
   111.803  0.007897
   111.955 0.0078632
   112.107   0.00783
   112.259 0.0077966
   112.411 0.0077638
   112.563 0.0077304
   112.715 0.0076976
   112.867 0.0076652
   113.019 0.0076326
   113.171 0.0076004
   113.323 0.0075684
   113.475 0.0075366
   113.627 0.0075046
    113.78  0.007473
   113.932 0.0074418
   114.084 0.0074106
   114.236 0.0073792
   114.388 0.0073484
    114.54 0.0073176
   114.692  0.007287
   114.844 0.0072562
   114.996 0.0072262
   115.148 0.0071958
     115.3 0.0071656
   115.452 0.0071356
   115.604 0.0071058
   115.756 0.0070764
   115.908 0.0070466
    116.06 0.0070174
   116.212 0.0069882
   116.364 0.0069592
   116.516   0.00693
   116.668 0.0069012
    116.82 0.0068726
   116.972  0.006844
   117.124 0.0068158
   117.276 0.0067872
   117.428  0.006759
   117.581 0.0067308
   117.733 0.0067032
   117.885 0.0066754
   118.037 0.0066478
   118.189 0.0066202
   118.341  0.006593
   118.493 0.0065658
   118.645 0.0065386
   118.797 0.0065116
   118.949 0.0064852
   119.101 0.0064586
   119.253  0.006432
   119.405 0.0064058
   119.557 0.0063794
   119.709 0.0063534
   119.861 0.0063276
   120.013  0.006302
   120.165 0.0062766
   120.317  0.006251
   120.469 0.0062258
   120.621 0.0062008
   120.773 0.0061758
   120.925  0.006151
   121.077 0.0061264
    121.23  0.006102
   121.382 0.0060776
   121.534  0.006053
   121.686  0.006029
   121.838 0.0060052
    121.99 0.0059812
   122.142 0.0059576
   122.294  0.005934
   122.446 0.0059106
   122.598 0.0058874
    122.75  0.005864
   122.902 0.0058412
   123.054  0.005818
   123.206 0.0057956
   123.358  0.005773
    123.51 0.0057502
   123.662  0.005728
   123.814  0.005706
   123.966 0.0056834
   124.118 0.0056616
    124.27   0.00564
   124.422 0.0056184
   124.574 0.0055968
   124.726 0.0055754
   124.878 0.0055544
   125.031 0.0055332
   125.183 0.0055124
   125.335 0.0054916
   125.487 0.0054708
   125.639 0.0054504
   125.791 0.0054302
   125.943   0.00541
   126.095   0.00539
   126.247 0.0053702
   126.399 0.0053506
   126.551 0.0053314
   126.703  0.005312
   126.855  0.005293
   127.007 0.0052738
   127.159 0.0052548
   127.311 0.0052366
   127.463 0.0052182
   127.615 0.0051998
   127.767 0.0051816
   127.919 0.0051638
   128.071 0.0051462
   128.223 0.0051286
   128.375  0.005111
   128.527  0.005094
    128.68 0.0050772
   128.832 0.0050604
   128.984 0.0050438
   129.136 0.0050276
   129.288 0.0050112
    129.44 0.0049952
   129.592 0.0049794
   129.744  0.004964
   129.896 0.0049486
   130.048 0.0049336
     130.2 0.0049184
   130.352 0.0049038
   130.504 0.0048894
   130.656  0.004875
   130.808 0.0048608
    130.96 0.0048468
   131.112  0.004833
   131.264 0.0048196
   131.416 0.0048064
   131.568 0.0047934
    131.72 0.0047804
   131.872 0.0047682
   132.024 0.0047554
   132.176 0.0047436
   132.328 0.0047316
   132.481   0.00472
   132.633 0.0047084
   132.785  0.004697
   132.937  0.004686
   133.089  0.004675
   133.241 0.0046646
   133.393 0.0046542
   133.545 0.0046442
   133.697 0.0046342
   133.849 0.0046244
   134.001  0.004615
   134.153 0.0046058
   134.305 0.0045968
   134.457 0.0045882
   134.609 0.0045794
   134.761  0.004571
   134.913  0.004563
   135.065 0.0045552
   135.217 0.0045476
   135.369   0.00454
   135.521 0.0045328
   135.673 0.0045258
   135.825 0.0045194
   135.977  0.004513
    136.13 0.0045066
   136.282 0.0045004
   136.434 0.0044946
   136.586 0.0044892
   136.738 0.0044834
    136.89 0.0044782
   137.042 0.0044734
   137.194 0.0044686
   137.346 0.0044644
   137.498 0.0044602
    137.65  0.004456
   137.802  0.004452
   137.954 0.0044486
   138.106 0.0044452
   138.258  0.004442
    138.41 0.0044394
   138.562 0.0044368
   138.714 0.0044344
   138.866 0.0044324
   139.018 0.0044306
    139.17  0.004429
   139.322  0.004428
   139.474 0.0044266
   139.626 0.0044258
   139.778 0.0044256
   139.931 0.0044254
